39 4 7 2 2 6
39 6 3 2 7 2 6
39 4 7 2 6
39 4 2 2 2 6
39 6 3 2 2 7 6 2 1 2 6
39 4 7 2 1 2 6
39 3 3 1 2 6 2 6
39 6 3 2 2 7 2 6
39 6 3 2 7 5 2 2 2 6
39 4 7 2 6
36 6 3 2 2 7 1 1 2 6
36 3 2 2 7 6 5 2 6
36 6 3 2 2 7 2 6
36 6 3 2 2 8 3 2 6
36 6 3 2 2 7 1 2 2 6
36 6 3 2 2 7 1 2 6
36 3 2 7 1 2 2 6
36 3 2 2 7 6 2 2 6
36 3 3 1 2 2 6
36 6 3 2 7 5 2 6
29 3 7 2 6
29 3 7 2 6
29 3 7 2 2 6
29 3 7 2 6
29 3 2 7 8 3 2 6
29 3 7 2 6
29 3 7 5 6 2 6
29 3 7 2 6 2 6
29 3 2 2 6
29 3 7 2 7 4 9 7 6
39 4 2 7 1 6
39 4 7 2 2 6
39 6 3 2 7 2 6
39 4 2 7 7 2 6
36 3 3 1 2 2 6
36 6 3 2 2 7 1 2 2 6 2 6
36 6 3 2 7 2 2 6
36 3 6 2 7 8 3 2 6
29 3 5 7 1 2 6
29 3 7 2 6 2 6
29 3 7 2 2 6
29 3 7 2 6
